2022-09-01,13,39.1,90,134,71,81,오한이 느껴진다,5,5
2022-09-27,20,36.3,88,150,81,95,오한이 느껴진다,6,6
2022-09-17,17,39.5,83,148,91,94,설사를 한다,7,7
2022-09-09,18,37.8,79,124,99,95,숨 쉬기 힘들다,8,8
2022-09-08,10,37.8,74,119,71,92,머리가 아프다,9,9
2022-09-12,18,40.5,72,138,55,86,목이 아프다,10,10
2022-09-17,18,39.8,98,143,55,91,목이 아프다,11,11
2022-09-06,19,37.2,98,146,74,82,머리가 아프다,12,12
2022-09-26,18,37.7,74,143,91,80,코가 막힌다,13,13
2022-09-19,13,38.6,76,149,68,82,소화가 안된다,14,14
2022-09-14,18,40.2,90,130,76,89,오한이 느껴진다,15,15
2022-09-10,18,41.0,82,124,58,84,소화가 안된다,16,16
2022-09-17,19,36.7,100,132,80,88,목이 아프다,17,17
2022-09-26,18,40.8,82,128,79,80,소화가 안된다,18,18
2022-09-11,15,38.9,88,145,77,90,머리가 아프다,19,19
2022-09-13,9,36.8,70,114,85,82,코가 막힌다,20,20
2022-09-13,20,37.0,76,132,105,89,소화가 안된다,21,21
2022-09-09,17,38.4,84,113,102,95,코가 막힌다,22,22
2022-09-23,10,36.6,88,136,106,84,오한이 느껴진다,23,23
2022-09-13,19,38.1,70,114,92,85,머리가 아프다,24,24
2022-09-06,21,38.0,79,150,96,86,코가 막힌다,25,25
2022-09-18,20,40.8,99,118,91,87,소화가 안된다,26,26
2022-09-26,9,40.3,84,130,87,87,목이 아프다,27,27
2022-09-21,19,40.7,89,114,93,95,목이 아프다,28,28
2022-09-23,18,38.6,97,134,61,93,목이 아프다,29,29
2022-09-15,19,35.7,80,126,99,91,목이 아프다,30,30
2022-09-12,9,39.5,99,137,87,89,코가 막힌다,31,31
2022-09-12,21,39.2,84,132,78,88,숨 쉬기 힘들다,32,32
2022-09-14,9,37.6,78,129,76,87,목이 아프다,33,33
2022-09-09,12,39.9,77,116,83,80,코가 막힌다,34,34
2022-09-21,13,36.0,89,134,104,84,설사를 한다,35,35
2022-09-10,21,35.9,91,135,108,87,설사를 한다,36,36
2022-09-27,21,35.6,74,111,93,86,오한이 느껴진다,37,37
2022-09-25,20,38.0,79,138,63,88,머리가 아프다,38,38
2022-09-27,11,39.0,90,115,65,81,소화가 안된다,39,39
2022-09-23,16,38.1,100,135,69,83,숨 쉬기 힘들다,40,40
2022-09-04,22,40.1,85,116,68,83,머리가 아프다,41,41
2022-09-10,16,39.6,87,148,97,87,숨 쉬기 힘들다,42,42
2022-09-08,21,35.8,90,134,86,85,숨 쉬기 힘들다,43,43
2022-09-06,13,39.3,82,142,94,84,설사를 한다,44,44
2022-09-24,9,35.6,96,137,64,94,목이 아프다,45,45
2022-09-13,12,37.7,79,142,68,90,소화가 안된다,46,46
2022-09-15,9,35.7,77,134,100,88,코가 막힌다,47,47
2022-09-20,12,36.9,88,131,58,95,설사를 한다,48,48
2022-09-10,16,39.2,72,133,96,85,목이 아프다,49,49
2022-09-04,22,36.8,90,127,99,92,오한이 느껴진다,50,50
2022-09-03,12,40.3,74,134,73,81,설사를 한다,51,51
2022-09-08,15,38.9,84,128,104,95,설사를 한다,52,52
2022-09-19,13,38.3,88,132,97,87,소화가 안된다,53,53
2022-09-05,11,36.6,73,138,105,85,숨 쉬기 힘들다,54,54
2022-09-01,13,38.9,98,134,91,80,머리가 아프다,55,55
2022-09-25,10,38.9,73,129,87,87,숨 쉬기 힘들다,56,56
2022-09-15,13,38.4,83,140,68,83,소화가 안된다,57,57
2022-09-06,13,37.6,76,128,87,83,소화가 안된다,58,58
2022-09-17,15,37.0,73,126,82,92,코가 막힌다,59,59
2022-09-22,9,40.2,100,149,104,91,코가 막힌다,60,60
2022-09-16,19,38.5,81,136,60,84,설사를 한다,61,61
2022-09-02,11,36.3,92,135,100,87,소화가 안된다,62,62
2022-09-09,11,37.2,78,144,71,85,목이 아프다,63,63
2022-09-24,17,39.1,84,119,88,90,머리가 아프다,64,64
2022-09-08,10,40.3,74,113,76,95,코가 막힌다,65,65
2022-09-21,11,37.8,70,126,77,80,숨 쉬기 힘들다,66,66
2022-09-16,9,37.8,77,129,67,94,목이 아프다,67,67
2022-09-15,21,37.1,86,148,65,90,소화가 안된다,68,68
2022-09-23,22,36.3,78,133,102,93,오한이 느껴진다,69,69
2022-09-14,16,35.8,92,116,58,93,머리가 아프다,70,70
2022-09-22,15,38.5,87,137,101,81,소화가 안된다,71,71
2022-09-10,21,38.0,99,129,107,91,설사를 한다,72,72
2022-09-09,14,36.9,87,112,63,95,소화가 안된다,73,73
2022-09-11,14,35.8,91,117,81,85,설사를 한다,74,74
2022-09-10,20,40.8,82,113,84,89,오한이 느껴진다,75,75
2022-09-11,22,38.7,88,119,68,86,코가 막힌다,76,76
2022-09-12,9,40.0,94,117,79,80,코가 막힌다,77,77
2022-09-05,10,40.8,84,115,99,92,코가 막힌다,78,78
2022-09-19,10,39.8,84,143,83,85,머리가 아프다,79,79
2022-09-18,16,39.0,82,147,81,86,머리가 아프다,80,80
2022-09-02,19,40.6,96,145,86,93,코가 막힌다,81,81
2022-09-15,11,36.4,86,135,80,81,숨 쉬기 힘들다,82,82
2022-09-03,18,40.2,80,127,83,86,설사를 한다,83,83
2022-09-27,16,35.7,92,136,96,95,소화가 안된다,84,84
2022-09-19,22,35.6,93,128,66,84,소화가 안된다,85,85
2022-09-19,19,36.7,100,131,87,94,숨 쉬기 힘들다,86,86
2022-09-10,12,37.3,81,150,106,95,숨 쉬기 힘들다,87,87
2022-09-11,12,36.6,88,145,100,90,숨 쉬기 힘들다,88,88
2022-09-03,11,39.6,72,148,100,92,소화가 안된다,89,89
2022-09-01,9,39.5,81,139,95,89,코가 막힌다,90,90
2022-09-13,17,38.6,97,112,89,91,목이 아프다,91,91
2022-09-27,13,36.0,73,148,60,81,숨 쉬기 힘들다,92,92
2022-09-04,19,36.9,72,112,66,93,머리가 아프다,93,93
2022-09-20,9,39.7,97,120,68,92,숨 쉬기 힘들다,94,94
2022-09-11,22,38.5,83,142,92,90,머리가 아프다,95,95
2022-09-12,22,40.1,77,149,64,89,오한이 느껴진다,96,96
2022-09-18,22,38.8,96,149,55,80,설사를 한다,97,97
2022-09-22,15,39.3,81,113,79,90,숨 쉬기 힘들다,98,98
2022-09-09,17,37.7,100,116,82,92,소화가 안된다,99,99
2022-09-16,11,37.7,75,120,72,86,숨 쉬기 힘들다,100,100
2022-09-04,20,39.7,79,128,109,93,설사를 한다,101,101
2022-09-11,11,40.9,73,111,70,94,오한이 느껴진다,102,102
2022-09-03,22,36.3,73,116,77,94,설사를 한다,103,103
2022-09-01,20,39.5,75,145,106,92,머리가 아프다,104,104
2022-09-11,15,35.5,90,120,76,81,머리가 아프다,105,105
2022-09-12,20,36.3,99,149,108,87,설사를 한다,106,106
2022-09-06,10,36.3,80,135,68,90,목이 아프다,107,107
2022-09-15,16,40.0,93,147,104,95,소화가 안된다,108,108
2022-09-01,11,40.6,100,126,107,90,숨 쉬기 힘들다,109,109
2022-09-19,11,35.8,90,116,78,89,목이 아프다,110,110
2022-09-12,11,40.6,84,111,61,92,머리가 아프다,111,111
2022-09-04,20,35.8,74,110,92,90,숨 쉬기 힘들다,112,112
2022-09-20,17,38.1,77,131,61,88,설사를 한다,113,113
2022-09-18,15,36.3,70,125,82,85,숨 쉬기 힘들다,114,114
2022-09-25,18,37.2,71,144,70,83,머리가 아프다,115,115
2022-09-09,20,39.9,70,131,65,87,설사를 한다,116,116
2022-09-08,14,39.7,99,134,63,85,머리가 아프다,117,117
2022-09-11,9,39.0,99,138,108,82,오한이 느껴진다,118,118
2022-09-08,9,38.1,100,137,82,86,소화가 안된다,119,119
2022-09-07,18,36.3,94,150,56,85,머리가 아프다,120,120
2022-09-25,16,41.0,100,136,109,80,코가 막힌다,121,121
2022-09-18,15,40.2,85,118,79,81,숨 쉬기 힘들다,122,122
2022-09-16,10,38.8,80,111,89,88,코가 막힌다,123,123
2022-09-10,11,40.7,75,110,75,92,머리가 아프다,124,124
2022-09-02,9,36.7,71,120,59,94,소화가 안된다,125,125
2022-09-16,15,38.6,92,129,85,95,목이 아프다,126,126
2022-09-27,18,37.8,77,142,57,81,머리가 아프다,127,127
2022-09-27,17,40.8,96,110,57,84,코가 막힌다,128,128
2022-09-03,10,38.5,77,143,64,95,목이 아프다,129,129
2022-09-02,17,36.3,74,118,92,85,목이 아프다,130,130
2022-09-24,20,38.2,88,127,89,84,코가 막힌다,131,131
2022-09-07,11,39.0,84,141,78,86,머리가 아프다,132,132
2022-09-24,18,36.5,88,148,71,90,숨 쉬기 힘들다,133,133
2022-09-12,16,39.3,93,115,103,95,소화가 안된다,134,134
2022-09-24,11,36.8,79,139,77,81,목이 아프다,135,135
2022-09-02,17,40.9,73,144,70,86,코가 막힌다,136,136
2022-09-24,19,38.0,96,128,95,87,코가 막힌다,137,137
2022-09-24,17,38.4,76,128,93,85,소화가 안된다,138,138
2022-09-25,17,40.4,74,120,68,89,머리가 아프다,139,139
2022-09-27,16,36.0,90,150,86,87,오한이 느껴진다,140,140
2022-09-16,18,37.7,75,148,105,95,머리가 아프다,141,141
2022-09-06,18,36.7,89,111,64,85,소화가 안된다,142,142
2022-09-26,20,35.5,100,134,92,80,숨 쉬기 힘들다,143,143
2022-09-01,14,36.1,85,147,103,84,머리가 아프다,144,144
2022-09-21,22,36.8,97,125,73,85,설사를 한다,145,145
2022-09-17,13,36.1,70,127,69,87,소화가 안된다,146,146
2022-09-08,18,38.0,93,128,95,86,설사를 한다,147,147
2022-09-21,17,38.0,86,145,64,80,소화가 안된다,148,148
2022-09-01,18,38.1,72,139,61,81,설사를 한다,149,149
2022-09-23,19,40.6,83,121,92,88,오한이 느껴진다,150,150
2022-09-06,20,37.0,77,111,80,85,코가 막힌다,151,151
2022-09-24,11,40.5,92,149,110,86,숨 쉬기 힘들다,152,152
2022-09-22,22,35.9,84,114,97,91,소화가 안된다,153,153
2022-09-15,22,36.7,82,137,59,90,코가 막힌다,154,154
2022-09-01,11,40.2,90,122,62,94,숨 쉬기 힘들다,155,155
2022-09-05,15,37.1,80,120,106,90,코가 막힌다,156,156
2022-09-23,9,35.9,95,127,101,82,오한이 느껴진다,157,157
2022-09-17,19,37.2,71,132,92,82,목이 아프다,158,158
2022-09-26,15,35.8,73,116,66,95,소화가 안된다,159,159
2022-09-18,15,37.7,93,112,95,91,소화가 안된다,160,160
2022-09-23,22,35.7,91,129,77,84,코가 막힌다,161,161
2022-09-02,14,38.7,94,124,89,84,오한이 느껴진다,162,162
2022-09-03,16,36.4,79,149,68,90,목이 아프다,163,163
2022-09-18,18,35.7,72,138,55,82,소화가 안된다,164,164
2022-09-19,20,39.1,77,147,95,95,오한이 느껴진다,165,165
2022-09-05,13,38.8,97,147,80,95,머리가 아프다,166,166
2022-09-10,15,39.7,79,125,71,82,목이 아프다,167,167
2022-09-10,22,36.5,88,133,58,87,오한이 느껴진다,168,168
2022-09-03,16,40.0,71,110,100,94,머리가 아프다,169,169
2022-09-24,19,36.4,80,138,88,81,목이 아프다,170,170
2022-09-07,22,36.2,85,150,62,83,오한이 느껴진다,171,171
2022-09-26,15,35.9,88,123,106,90,코가 막힌다,172,172
2022-09-02,19,38.5,80,135,61,86,코가 막힌다,173,173
2022-09-16,20,35.6,93,132,95,81,설사를 한다,174,174
2022-09-18,13,37.4,70,139,78,80,머리가 아프다,175,175
2022-09-11,17,39.0,89,117,84,88,코가 막힌다,176,176
2022-09-22,16,38.1,88,120,93,81,머리가 아프다,177,177
2022-09-13,13,37.8,99,132,77,89,목이 아프다,178,178
2022-09-22,19,35.8,90,141,74,81,오한이 느껴진다,179,179
2022-09-12,11,38.3,94,123,63,84,오한이 느껴진다,180,180
2022-09-20,15,35.7,77,114,87,87,설사를 한다,181,181
2022-09-09,21,39.1,100,146,58,94,숨 쉬기 힘들다,182,182
2022-09-26,22,36.2,74,116,62,87,목이 아프다,183,183
2022-09-23,16,38.1,73,123,98,94,코가 막힌다,184,184
2022-09-01,9,38.8,76,138,70,90,숨 쉬기 힘들다,185,185
2022-09-18,15,36.9,77,115,104,86,코가 막힌다,186,186
2022-09-23,13,38.4,81,147,100,94,머리가 아프다,187,187
2022-09-08,18,40.5,90,111,101,90,설사를 한다,188,188
2022-09-03,22,40.8,70,123,89,83,코가 막힌다,189,189
2022-09-02,9,36.4,80,113,61,85,소화가 안된다,190,190
2022-09-09,12,40.9,81,123,67,92,머리가 아프다,191,191
2022-09-07,14,39.8,95,131,79,86,소화가 안된다,192,192
2022-09-25,16,39.8,77,110,57,84,목이 아프다,193,193
2022-09-23,19,40.9,95,115,72,84,설사를 한다,194,194
2022-09-21,15,35.7,94,116,94,87,목이 아프다,195,195
2022-09-02,12,37.3,92,124,87,92,설사를 한다,196,196
2022-09-12,13,40.1,96,129,82,85,목이 아프다,197,197
2022-09-20,10,40.5,76,144,105,91,설사를 한다,199,199
2022-09-01,22,38.7,93,139,98,82,소화가 안된다,200,200
2022-09-13,14,36.5,97,119,95,93,설사를 한다,201,201
2022-09-15,21,36.5,92,130,105,93,목이 아프다,202,202
2022-09-05,18,39.0,70,113,70,95,설사를 한다,203,203
2022-09-05,22,39.6,94,136,71,86,설사를 한다,204,204
2022-09-09,15,38.4,85,134,106,86,오한이 느껴진다,205,205
2022-09-04,21,37.4,79,113,108,89,소화가 안된다,206,206
2022-09-06,13,36.9,82,135,70,82,소화가 안된다,207,207
2022-09-14,9,36.9,80,147,90,81,머리가 아프다,208,208
2022-09-05,11,40.5,89,135,87,93,소화가 안된다,209,209
2022-09-11,22,36.0,93,133,71,92,설사를 한다,210,210
2022-09-22,22,39.3,82,138,107,88,소화가 안된다,211,211
2022-09-09,14,37.8,93,123,75,83,숨 쉬기 힘들다,212,212
2022-09-19,12,36.2,72,130,97,80,코가 막힌다,213,213
2022-09-04,13,38.1,89,126,90,80,오한이 느껴진다,214,214
2022-09-02,19,40.6,87,142,106,80,코가 막힌다,215,215
2022-09-09,15,38.2,85,125,105,83,코가 막힌다,216,216
2022-09-11,18,37.1,85,126,102,87,설사를 한다,217,217
2022-09-11,19,36.8,87,119,80,81,설사를 한다,218,218
2022-09-19,10,40.1,92,125,87,95,오한이 느껴진다,219,219
2022-09-12,11,40.7,88,113,96,84,소화가 안된다,220,220
2022-09-10,13,37.3,75,130,93,90,목이 아프다,221,221
2022-09-06,10,36.6,82,115,107,84,목이 아프다,222,222
2022-09-19,11,37.9,97,114,81,83,숨 쉬기 힘들다,223,223
2022-09-10,21,39.7,89,111,109,86,코가 막힌다,224,224
2022-09-04,16,36.3,99,121,104,92,설사를 한다,225,225
2022-09-27,15,35.6,78,149,78,84,목이 아프다,226,226
2022-09-27,17,37.4,97,131,101,95,소화가 안된다,227,227
2022-09-13,18,35.5,95,148,58,85,소화가 안된다,228,228
2022-09-14,12,39.2,83,115,84,93,코가 막힌다,229,229
2022-09-24,15,40.0,94,110,76,82,목이 아프다,230,230
2022-09-20,22,38.9,79,121,70,95,목이 아프다,231,231
2022-09-12,20,36.5,90,119,82,88,목이 아프다,232,232
2022-09-20,18,40.7,87,113,92,88,머리가 아프다,233,233
2022-09-12,14,39.6,78,113,60,91,숨 쉬기 힘들다,234,234
2022-09-13,17,38.4,71,130,106,93,설사를 한다,235,235
2022-09-22,15,36.2,76,126,75,80,소화가 안된다,236,236
2022-09-05,20,37.2,95,130,92,92,코가 막힌다,237,237
2022-09-15,14,36.4,79,116,62,81,설사를 한다,238,238
2022-09-16,21,38.5,84,146,96,82,소화가 안된다,239,239
2022-09-11,19,37.6,77,116,82,94,코가 막힌다,240,240
2022-09-19,19,36.4,76,129,66,82,머리가 아프다,241,241
2022-09-11,17,37.0,78,149,101,90,오한이 느껴진다,242,242
2022-09-27,21,37.5,95,148,86,82,머리가 아프다,243,243
2022-09-05,12,39.7,77,117,79,81,소화가 안된다,244,244
2022-09-14,18,36.6,87,124,65,92,오한이 느껴진다,245,245
2022-09-26,13,37.3,75,120,66,81,목이 아프다,246,246
2022-09-27,21,38.8,87,111,64,90,숨 쉬기 힘들다,247,247
2022-09-27,21,40.5,89,126,110,92,목이 아프다,248,248
2022-09-12,15,37.2,100,126,55,88,목이 아프다,249,249
2022-09-27,20,36.7,93,117,73,93,목이 아프다,250,250
2022-09-21,16,39.6,78,132,106,89,머리가 아프다,251,251
2022-09-09,9,39.3,84,126,87,89,오한이 느껴진다,252,252
2022-09-01,21,40.5,93,138,85,83,목이 아프다,253,253
2022-09-27,14,36.8,73,114,75,91,오한이 느껴진다,254,254
2022-09-14,15,41.0,86,129,63,85,설사를 한다,255,255
2022-09-22,10,35.8,80,120,59,82,설사를 한다,256,256
2022-09-04,14,39.1,84,138,62,94,목이 아프다,257,257
2022-09-13,13,37.9,88,124,56,94,목이 아프다,258,258
2022-09-13,18,38.2,71,123,75,94,설사를 한다,259,259
2022-09-13,15,38.8,77,136,92,84,숨 쉬기 힘들다,260,260
2022-09-02,22,37.9,88,130,96,87,숨 쉬기 힘들다,261,261
2022-09-01,14,38.9,89,132,64,95,설사를 한다,262,262
2022-09-17,15,37.1,99,112,107,90,설사를 한다,263,263
2022-09-27,20,36.9,70,135,71,94,머리가 아프다,264,264
2022-09-13,22,37.3,84,146,79,88,설사를 한다,265,265
2022-09-15,17,36.1,100,117,61,91,코가 막힌다,266,266
2022-09-01,18,35.6,96,110,68,94,숨 쉬기 힘들다,267,267
2022-09-08,16,36.0,82,120,88,80,코가 막힌다,268,268
2022-09-03,15,39.5,78,127,64,89,목이 아프다,269,269
2022-09-23,20,37.4,79,119,79,86,오한이 느껴진다,270,270
2022-09-26,13,37.1,87,142,105,80,소화가 안된다,271,271
2022-09-19,22,37.5,78,126,66,94,소화가 안된다,272,272
2022-09-06,9,37.5,76,128,82,82,숨 쉬기 힘들다,273,273
2022-09-20,11,39.9,80,120,61,80,설사를 한다,274,274
2022-09-03,13,36.6,95,119,78,92,숨 쉬기 힘들다,275,275
2022-09-01,10,39.5,86,116,97,92,코가 막힌다,276,276
2022-09-06,19,39.2,81,118,64,91,숨 쉬기 힘들다,277,277
2022-09-17,9,40.6,85,131,76,86,설사를 한다,278,278
2022-09-18,12,40.7,76,148,74,85,설사를 한다,279,279
2022-09-27,19,38.7,80,143,110,88,설사를 한다,280,280
2022-09-13,13,36.1,97,142,67,90,목이 아프다,281,281
2022-09-05,19,37.1,85,127,94,87,소화가 안된다,282,282
2022-09-10,12,39.3,73,126,83,82,오한이 느껴진다,283,283
2022-09-08,20,39.3,91,116,78,84,머리가 아프다,284,284
2022-09-11,11,40.7,100,114,108,94,머리가 아프다,285,285
2022-09-10,14,39.7,90,123,64,90,숨 쉬기 힘들다,286,286
2022-09-23,12,38.3,89,122,57,95,코가 막힌다,287,287
2022-09-10,15,39.6,74,146,88,91,소화가 안된다,288,288
2022-09-05,17,39.8,85,110,95,95,코가 막힌다,289,289
2022-09-26,15,40.8,97,137,57,85,숨 쉬기 힘들다,290,290
2022-09-21,16,36.0,72,112,68,86,목이 아프다,291,291
2022-09-16,9,37.4,94,122,89,90,오한이 느껴진다,292,292
2022-09-14,10,35.6,75,150,66,95,오한이 느껴진다,293,293
2022-09-24,22,38.7,94,147,59,93,오한이 느껴진다,294,294
2022-09-08,12,39.0,74,138,90,82,소화가 안된다,295,295
2022-09-18,14,36.9,76,142,101,87,소화가 안된다,296,296
2022-09-07,15,36.6,76,132,76,94,목이 아프다,297,297
2022-09-07,17,35.9,78,137,105,88,설사를 한다,298,298
2022-09-20,12,37.4,93,134,105,85,숨 쉬기 힘들다,299,299
2022-09-03,22,38.6,92,112,107,89,소화가 안된다,300,300
2022-09-03,21,40.0,71,129,58,83,숨 쉬기 힘들다,301,301
2022-09-21,11,40.4,76,133,92,95,숨 쉬기 힘들다,302,302
2022-09-26,19,40.4,74,130,100,95,목이 아프다,303,303
2022-09-27,22,40.5,87,147,93,84,소화가 안된다,304,304
2022-09-06,13,36.0,80,121,107,82,오한이 느껴진다,305,305
2022-09-07,12,37.0,98,138,58,87,목이 아프다,306,306
2022-09-27,21,38.3,70,148,96,86,오한이 느껴진다,307,307
2022-09-14,15,39.5,92,140,92,80,숨 쉬기 힘들다,308,308
2022-09-16,12,37.1,95,118,69,86,코가 막힌다,309,309
2022-09-21,19,38.1,77,141,60,80,코가 막힌다,310,310
2022-09-26,13,39.3,88,148,86,85,설사를 한다,311,311
2022-09-14,16,37.2,83,112,68,91,설사를 한다,312,312
2022-09-06,15,37.3,74,145,96,87,소화가 안된다,313,313
2022-09-12,12,36.1,98,144,91,90,목이 아프다,314,314
2022-09-11,22,39.7,90,124,84,90,오한이 느껴진다,315,315
2022-09-23,16,40.1,76,150,65,93,설사를 한다,316,316
2022-09-07,15,39.5,79,145,87,91,목이 아프다,317,317
2022-09-07,10,37.4,86,135,64,84,설사를 한다,318,318
2022-09-04,10,36.6,87,113,92,84,숨 쉬기 힘들다,319,319
2022-09-04,13,40.0,74,136,93,88,머리가 아프다,320,320
2022-09-08,17,40.8,76,114,63,85,숨 쉬기 힘들다,321,321
2022-09-26,14,37.4,91,146,101,83,오한이 느껴진다,322,322
2022-09-07,10,35.7,79,140,86,85,코가 막힌다,323,323
2022-09-10,11,40.5,79,150,68,81,소화가 안된다,324,324
2022-09-14,12,38.1,72,112,103,89,숨 쉬기 힘들다,325,325
2022-09-23,12,38.9,87,139,76,92,숨 쉬기 힘들다,326,326
2022-09-01,15,35.6,84,116,57,94,오한이 느껴진다,327,327
2022-09-27,14,40.5,82,112,102,89,코가 막힌다,328,328
2022-09-21,20,36.8,74,133,55,88,소화가 안된다,329,329
2022-09-17,15,38.8,100,131,66,95,코가 막힌다,330,330
2022-09-07,19,35.6,85,143,77,84,코가 막힌다,331,331
2022-09-06,18,40.3,76,132,65,94,설사를 한다,332,332
2022-09-15,11,38.3,75,110,85,82,숨 쉬기 힘들다,333,333
2022-09-01,12,37.1,72,141,97,93,코가 막힌다,334,334
2022-09-27,17,36.7,87,136,69,80,코가 막힌다,335,335
2022-09-23,11,39.6,83,116,88,90,머리가 아프다,336,336
2022-09-16,19,38.2,71,146,105,84,코가 막힌다,337,337
2022-09-24,16,36.6,80,128,56,80,소화가 안된다,338,338
2022-09-13,13,36.4,98,142,104,90,목이 아프다,339,339
2022-09-25,9,38.3,82,149,75,93,머리가 아프다,340,340
2022-09-25,16,40.3,84,114,65,86,오한이 느껴진다,341,341
2022-09-22,12,39.0,99,138,64,80,숨 쉬기 힘들다,342,342
2022-09-09,11,40.4,99,140,79,87,설사를 한다,343,343
2022-09-06,16,36.1,78,146,101,87,설사를 한다,344,344
2022-09-25,11,40.8,76,148,88,90,목이 아프다,345,345
2022-09-07,16,38.8,84,140,60,85,설사를 한다,346,346
2022-09-25,16,35.6,79,118,81,80,머리가 아프다,347,347
2022-09-24,14,35.7,90,135,100,89,오한이 느껴진다,348,348
2022-10-03,21,36.5,85,115,85,85,없음,350,350
2022-10-04,0,36.4,85,110,85,86,머리가 아프다,189,189
